$ANSIBLE_VAULT;1.1;AES256
36363433616161643632366165643366323735383534643334376534306138323539623230333966
3633343464633935643930613864346664373736306135320a636536363839646231366138343234
64363862373134383334356565393233646334323566353930396433666364396332613662643832
3862313831353163380a653237653237363463306639363935623635623836623164363265623237
65343163633934343763653530323939613237323162653630633861333761353461613461353833
30616439356631623736323239323163626534653162653232313962303964636363646563333238
32386137653066303939643666656564616362363031633164303564353936663634376163383335
31356463346365353338303666643732613936653930303561316332356364623665303331343265
35323532356666663033653033303938643436326264666531653036386431663761356138303534
37323331396631316535316531353764663139303831393131313930306130653635326635316333
30366530663436313963356336333737663934316232306336613963373164336136646264613432
64386234613263393630633338393432616137323862653030343330333536383038376230633237
36623065313161643064303761303063623633393934396538313265393237633435656433343536
38353030613231323637656530623337653534636662386137656237663432386636663030623039
34383539646530633733363032643661303266313637336366333961653965373336613033376164
64383833653139383138323038613235366264393266383863393232356132366463356438383030
38393264316233333462306362353133366235366365613834343237656337303235323035393935
64313637633362373663396334326563616335643864313830613463643564323266616239653763
62663366366233343539393730353937313365343235373961373761363666323464323936313162
38373130303264336134306530336337613936653033323932623937316533343038333237353966
64633532313133396538356131626535316361386361353566633330383937386339363031373264
61633436633832326130313030336534323764373336656135643634643738316132613337313864
65623461343737663330623539303061616464316462313235363133383166353139353366636362
31656239313865653331616531313066623031613534366364653335313363663038383030343030
62346363613165663764303836373465333930396562353333633039326432303563316664616266
38616330366438363833633464326132373066306562356365613233376562343439356135663763
30646363346661636534376531323533353632383636366432663637373466633964343235626433
37653764363936373331623563336361636565313937663432613239396537313965303339616665
32346365636165646366633531653563303939613333353631316362666335663638313061643338
32363130363136313230316632636636623365623764366631336234306132373761656363666535
34393833616234616137366438613238373764353834353931646534663935616132646639363763
66313639646235656133633836373839303832393931633133306630353137333730366230613532
31396362393033346536306363656564643435353033383730323339633933313036356664623132
65346236336131313531333964386436353166633330316663343939366633633231303065396634
37363435373161333838626531393234396638643932363032333765393732376163613334393565
62663361663536643336303639633433303266396639383430316534326238323030636566333732
66653266343435383835316133613163396438633364393638363732373834373363653838346263
36613038383333633634653263343962343739663438373434313666656639373639353939343639
33373536376638353238656663306539333533376266636639353064626437306634636666653438
39613962623666373531663037323438396462636235313239346362613365633130633430636331
34363661386466306130353136383030363834356431376565633466363663376632613431323935
37393035316334363465653163313430666361366564613739643564343665373561343735333737
34393131623030303934633733633735346632633838383463386230363031653861623863326231
64623433313365376431643662653039383563636438653832303036633930303230333964633766
66346131633930363165626166376236343635643839336463663430616234633263653131373263
64393962323739643136633465383935306538656566366661326561333262303834376136383462
39353431363762613532633634366362666134636635656133306264653435383133373564333437
61396433316630396631623030366165316266316562346661313436343638386232306338333538
32303236383961323137633834646537653333623331653031636633633238396330353265313263
36373532613037383237346563343932366363343938633833316133646433396339313036663562
31323466323865633935613036306536383231373134303462643838646134396633303637646335
35643461303861666139303339626661616537333566613038393734616262376239323231303534
65393137633364363563633365363137353663333536313366316139626564373963373937326336
62666638303163383532653365346465643637633933616562336437343733653634333166323235
62376332323733316661333339343538306338386264383466643930663234363133643863636631
39646337323235383161336463613964393963326664323265663432656333313266666364656135
37326637313232363562333861386331303632333036333163343737373131346330313533613063
33346637616336306536633365313463666238643365373734323466626432626631616137393737
37653737396461323537323363326634623338393138613730616262393435326538626533393563
32336666656232653463656635353430323038396535643733303639623466326463653035646130
37663864393636363739633936343235333832633037373733353531343831323064316664636136
38613666366235343037326263363932353830343634393836353334326333366133323462653935
36653436383262373663303535623164656532383038646639653133323063656530303239313633
36373537643165326366653239666462386431326439386137326665386364306463396635356562
64373664666531343433386133383634663265386534313932363532306238656238396534383463
30353330346361613531333265656131373966356666363665356234383931363735643233393034
34623236616633333762306232396435303638393935393563383462383039386239333134396334
30386664643432656136643662656431323064316532323739366462336463313562303936613638
66613064326662306561663135383961643737653032336232333062353233353739306531623138
38616639353761616332376232356430646163303733373239343764356538393331346263383738
35663834616235633930643135646366363530666435333536363562393066323739613864393535
63303735326133353031313133663965353264663831306135643731326434616666396363393539
66366332353738386239623335636537376166363134613937663730323266366637306661316163
30316463386462373033356535373137393864616266666637366662356664303331333562643065
35393439623561653865316238613030613965313434323364393865653165333437373864626364
30663232646231303430313935323465656635316134373461303138376630643936313136636630
61316539373864356463353865353937353638666334326164323165633139333036323236363831
30363037393933636436393831346362663866393137333664653262303933626233343161636436
34666333393037623239666263643136663635346164656137303738353334643133366637643663
63613266633431333061346465363632383262653864636534366436336335366330343732663036
63623563626137373966343562323661353364396433656234383366653838643431323635326330
66343937383136313864666664363633643536653961376464376231653233646431326537393530
63396335326631346565393834336133383866333230306135346331613161383834353065636336
30373365383133616363633934383338383865323461613230616233326330303162393031313866
35346637623963346365653966663538393162306331386232636239616636653633353831313934
33633766656262303432356662616130663334326266373836383837373564383734613563356631
39303761616136323662633930623366303863386335386161636333373163623730306133383961
37383663643231613239393932396435386638646137393632323433336435666231633862356138
36613930353864623863666365393339353532336635613637316137373863303465366433653163
63386335383531383066633462323038346132656534613866343762333636396632363133366438
63656536633366326632633265386233356335333262313037313638656233396534636534633936
63343534383865333161
